Intensity,R,G,B
0.020209149173055677,-0.0367947527803199,0.028703749208334094,0.028300152745041496
0.024237356462979476,-0.03492980526633229,0.030518327839525662,0.028648833889786104
0.02727127842027198,-0.033403263093054913,0.0311919090148338,0.029482632498493085
0.02883856344807223,-0.03257187067435402,0.031207421264039647,0.030203012858386603
0.028456972119995837,-0.03234405683123669,0.030767327159515297,0.03003370179171722
0.032277973990605655,-0.030709069716786608,0.031657376442564084,0.03132966726482818
0.027005516145270712,-0.03149384365484282,0.029614602004678185,0.028884757795435347
0.031228974699474617,-0.03077418016593275,0.030987054162035087,0.031016100703372268
0.0323180884457289,-0.03091808990099603,0.03174216330211462,0.03149401504461032
0.029198427241771352,-0.032598681947059185,0.03200151477549945,0.029795594413331083
0.03356269146961731,-0.03237100428555913,0.03427883692501995,0.03165485883015647
0.030690210308016067,-0.03374472729096052,0.033899671385232144,0.030535266213744437
0.030256050615649344,-0.033863535929832524,0.033607712161404055,0.030511874384077813
0.02886007081012265,-0.034636725834937196,0.03298510893474971,0.030511687710310147
0.024034420809538465,-0.036238232967283276,0.03110664480974617,0.02916600896707557
0.02654436633950817,-0.03545792530183053,0.03147596956176085,0.03052632207957786
0.024558602807771224,-0.03570772801889023,0.03125904764890483,0.02900728317775663
0.027593095737053056,-0.034786065927603915,0.032644019899586596,0.029735141765070375
0.032209054675546175,-0.03265971745315421,0.0336767896526917,0.031191982476008684
0.026916842197300755,-0.033801739061170774,0.03080113226694165,0.02991744899152987
0.026906012610114688,-0.03365762448504429,0.029755543296689398,0.030808093798469584
0.026882104598151726,-0.03240682391201683,0.029225230449598242,0.03006369806057032
0.026257136803042008,-0.03257102718193497,0.028608169149887043,0.030219994835089924
0.026899097211678158,-0.033546951768994165,0.029168221850524173,0.031277827130148164
0.020737459041331743,-0.0368037967897962,0.028898469971482422,0.02864278585964553
0.02275720304442544,-0.03770324494561429,0.03070042874115056,0.029760019248889165
0.019737811133335406,-0.038990294343487386,0.03054326555090444,0.028184839925918356
0.019689437765116724,-0.03947737447702604,0.03101346077157162,0.02815335147057116
0.023206909325721295,-0.0380884261546312,0.032201477073213705,0.02909385840713879
0.02209216659155039,-0.03763215385726662,0.03138647813650726,0.028337842312309743
0.021051989887486466,-0.03816019075106099,0.03001896361994882,0.029193217018598644
0.019313368770423653,-0.03940412065841036,0.029311433645777592,0.02940605578305642
0.01782464611646005,-0.04072120203882998,0.028969778101818954,0.029576070053471088
0.02086373333726793,-0.040682011612978825,0.031294583498089466,0.03025116145215728
0.019239139954233694,-0.0413781997280157,0.03145065063061253,0.029166689051636874
0.01927406893467462,-0.041697414283425153,0.03139124121121835,0.02958024200688144
0.016825478109208827,-0.0416121015270909,0.030371220670417937,0.028066358965881777
0.018436765279610606,-0.04082711746852787,0.030666866420646977,0.02859701632749149
0.017742168847570808,-0.041227582598475004,0.030350226188876308,0.02861952525716951
0.016487415936891986,-0.041686055924314645,0.029646112545144373,0.028527359316062272
0.01590077954445468,-0.04282370503963171,0.03006258942342777,0.02866189516065862
0.015616383219424088,-0.04330814251761317,0.030369286026388578,0.028555239710648685
0.012473602162540634,-0.04497509659326743,0.02897926449670075,0.02846943425910731
0.014898450932295512,-0.043456057352288774,0.029670278409636024,0.028684229874948262
0.015109301749273607,-0.0429723429433159,0.0297410604898564,0.028340584202733107
0.014323332347358372,-0.043174625098847924,0.028795789186247443,0.028702168259958857
0.01215753550338236,-0.044028812133668285,0.02792887144054075,0.028257476196509885
0.010726234747907057,-0.04528152221462158,0.027765976557328747,0.028241780405199902
0.012475671870429889,-0.04551569897969341,0.028757684350314755,0.02923368649980853
0.011426313016117032,-0.0459353000199541,0.028930185889884216,0.028431427146186912
0.00899595103606754,-0.047244610543475576,0.027943217791957378,0.028297343787585767
0.007668219807463586,-0.04836340814338019,0.028396495847295124,0.027635132103548662
0.006113558061709504,-0.05029765794350713,0.02855893723308802,0.02785227877212862
0.00930275554045168,-0.049078304936896286,0.02980594925974454,0.02857511121760343
0.008911155629577339,-0.048498864995053556,0.029095726972446716,0.028314293652184186
0.0067147520891295,-0.0494340604073404,0.026909799670618503,0.02923901282585141
0.006225725535687787,-0.04880560371652536,0.026754299229849746,0.028277030022363397
0.005882829320229405,-0.04983451081986752,0.026740897458313217,0.028976442681783697
0.006666074298410818,-0.04979527495250943,0.02791344914505971,0.028547900105860512
0.006377309861396924,-0.050112368919595925,0.0280228795290696,0.028466799251923254
0.0054423050207101226,-0.05041536413265146,0.027562915651833185,0.028294753501528408
0.005183793187847882,-0.0510467109041021,0.0281379254101286,0.02809257868182138
0.0028666097791990586,-0.053719179249412954,0.027613469609131948,0.028972319419480072
0.0023982596700580644,-0.05466527459765712,0.02827603094718633,0.028787503320528842
0.0007472946966473187,-0.0549115989350525,0.027617911112606076,0.02804098251909375
-0.0009720362344409345,-0.05539614083906426,0.025450343453601892,0.028973761151021418
-0.0010469270232467964,-0.0549187137343283,0.02527241766238151,0.028599369048700012
-0.0007722225918500025,-0.055502226855308076,0.025591144337409284,0.029138859926048793
-0.0009142369064446265,-0.05641797418044113,0.026138674762820387,0.029365062511176123
-0.003894373608403001,-0.0585608466313578,0.02568370820426828,0.028982764818686533
-0.0075164419602541666,-0.06076420855482438,0.024055235231463842,0.029192531363106382
-0.008746283583275352,-0.06108531572221568,0.023671101727555148,0.02866793041138518
-0.006521857609230117,-0.0600435030641521,0.023577039547322865,0.029944605907599134
-0.0028760021784057233,-0.058096485120268486,0.02518016991132999,0.030040313030532756
-0.0051215431449036924,-0.05872295813682367,0.024634640726726168,0.028966774265193812
-0.003997180260208247,-0.059365575973332814,0.024496506103309286,0.030871889609815274
-0.007397604937677327,-0.06063290236907194,0.02402977686783713,0.02920552056355749
-0.010655819025478075,-0.06418052764841604,0.023568800711689326,0.029955907911248643
-0.011047720266157177,-0.06573302820854773,0.02475404822904574,0.02993125971334484
-0.01089722626024256,-0.0662595950099173,0.02565993774153857,0.029702431008136156
-0.011559080330314248,-0.06715675605957289,0.025919165135518046,0.02967851059374059
-0.012173906639473361,-0.067593694055732,0.026060232610827773,0.029359554805430847
-0.017267341388488566,-0.07069307197389044,0.023415773212380604,0.03000995737302129
-0.0185851493343418,-0.07119164851435543,0.022499965469476493,0.030106533710537137
-0.020926624608129663,-0.07258343191401956,0.021692517359220242,0.02996428994666965
-0.021724360796566283,-0.07390177261981833,0.02142491100480639,0.030752500818445643
-0.02158911444034875,-0.07409629731985884,0.022442424796599168,0.030064758082910894
-0.02375129004173257,-0.07575463283853588,0.021876661114466713,0.0301266816823366
-0.02168785597016447,-0.07514822912897332,0.022537924895163194,0.030922448263645666
-0.02287130351045462,-0.07586963584693532,0.022423104690235396,0.030575227646245297
-0.022724275703135385,-0.07674012482219679,0.022766290831013072,0.03124955828804833
-0.023610509898023213,-0.0776137575479263,0.02300055844716476,0.031002689202738295
-0.027210903567930766,-0.07990673229456591,0.02129943642849249,0.03139639229814262
-0.028327560354937303,-0.08188273845700178,0.02145196304225261,0.032103215059811833
-0.03254726991531384,-0.08348205432904966,0.019902437823546518,0.031032346590189285
-0.03513468539376688,-0.08484960899081169,0.0179378819025601,0.03177704169448471
-0.03624563794339111,-0.08514452693057298,0.01789248027824552,0.031006408708936357
-0.0381258071693293,-0.0869673118051042,0.017213549815878956,0.03162795481989595
-0.03501046197725134,-0.08633698764575844,0.018676344285598778,0.03265018138290832
-0.03592043987022103,-0.08605208949386645,0.019130983011153638,0.03100066661249175
-0.03632302335719108,-0.0866527318764416,0.017843384774323658,0.03248632374492685
-0.03532748793965672,-0.08655257044426815,0.018544901004979353,0.03268018149963205
-0.03740012306994207,-0.0883140754120582,0.01840365610457726,0.032510296237538865
-0.03659967547564619,-0.08850988095882065,0.01909739111919629,0.03281281436397816
-0.0394414814615915,-0.08998549008738257,0.01845622148949968,0.03208778713629139
-0.04279441177044058,-0.09270737858791578,0.016797749878281733,0.033115216939193455
-0.04376134295067535,-0.09286057616922148,0.0167313540119845,0.032367879206561645
-0.042473618486264075,-0.09183478203066305,0.016646325700286367,0.03271483784411262
-0.041652932077920535,-0.09244458352522539,0.01762053037284038,0.033171121074464474
-0.041907450960602236,-0.09308370150575249,0.017940446189726525,0.03323580435542375
-0.044914797747680105,-0.09484908556789425,0.01656127974428931,0.03337300807592482
-0.047347680782429985,-0.09618264216799013,0.01562963741815286,0.033205323967407274
-0.050447249795361526,-0.09842026849922161,0.014448522924274627,0.03352449577958546
-0.04987097113582517,-0.09793952951381558,0.014199745989718994,0.0338688123882714
-0.05072573291946428,-0.09822926491063871,0.014309131488798442,0.03319440050237602
-0.052191990949536915,-0.10015070925347316,0.014508194511996197,0.03345052379194002
-0.05345557389543103,-0.10136905776692046,0.014958104333107833,0.03295537953838161
-0.05342968772735951,-0.10223275159064972,0.01538796135733396,0.03341510250595626
-0.053637322091058565,-0.10308416160557163,0.015842770535533804,0.03360406897897925
-0.055481053850888806,-0.10430048293962108,0.015351987303081141,0.0334674417856512
-0.05829631962935017,-0.10613307541948179,0.013973328809523684,0.03386342698060794
-0.059159887016674406,-0.10652214338214314,0.013193180784007108,0.03416907558146161
-0.06104383446644299,-0.10774861472816552,0.012501646646868002,0.034203133614854574
-0.060999088476089564,-0.10830635944546886,0.012980207799043873,0.03432706317033545
-0.06145922672608095,-0.10945284390160324,0.013650029735292779,0.03434358744022952
-0.06585245561874295,-0.11215342535581721,0.012028333990817902,0.034272635746256365
-0.06509791648422919,-0.11187648570885639,0.013067709052762201,0.033710860171864976
-0.0699076080586934,-0.11509245598941452,0.011427304066651184,0.03375754386406994
-0.07099328301112609,-0.11568196196096843,0.010724161562304158,0.033964517387538154
-0.0715998743840904,-0.11623805722527751,0.011163911991667982,0.03347427084951911
-0.07336778599278188,-0.11822394686111602,0.011006569329897645,0.033849591538436474
-0.07514189288398423,-0.1198783559626194,0.01098219268824191,0.03375427039039326
-0.07930775467121243,-0.12199343315092263,0.009519740368782531,0.03316593811092772
-0.07998312295501225,-0.12292054722153423,0.009704781519667388,0.03323264274685457
-0.08123632308758488,-0.12397788740059201,0.009128151607583776,0.03361341270542334
-0.08528689541577583,-0.12666250240675575,0.007700267586109491,0.0336753394048704
-0.08487426036629911,-0.12719918311987177,0.008917433633402368,0.03340748912017029
-0.08474893863616839,-0.12834725797582153,0.009611133628715525,0.033987185710937624
-0.08562302677640399,-0.1294278098946237,0.009892347701733008,0.033912435416486725
-0.08694068618014836,-0.13053676488899707,0.009659445324521392,0.033936633384327265
-0.08847314383423299,-0.1318553638475196,0.009977810098711841,0.03340440991457477
-0.09163555416727348,-0.13375599589632098,0.009020552166480032,0.033099889562567424
-0.0943629336213758,-0.13603247893213094,0.008388480171185153,0.03328106513957003
-0.09667428447841281,-0.13755388505247917,0.007878906268724381,0.033000694305341985
-0.09766016291438911,-0.1383677757272485,0.00781253896640742,0.032895073846451954
-0.10006609925274201,-0.14037733856989512,0.006932799791759245,0.033378439525393835
-0.10094211128564878,-0.14120958885856494,0.006779093310387119,0.03348838426252902
-0.10260869531083253,-0.14256140866673112,0.0058645065842498345,0.03408820677164877
-0.10320643115137179,-0.14362322053929755,0.0062135256529981114,0.03420326373492765
-0.10605955109206705,-0.14549951938609731,0.00547376775991712,0.03396620053411315
-0.11162247804030109,-0.14881743806223227,0.0031634314018686716,0.0340315286200625
-0.11298131200214784,-0.1499549009734769,0.0031186216844667075,0.03385496728686233
-0.11296198513323952,-0.1510703668474309,0.0037483714851954675,0.034360010228995874
-0.11809414765162254,-0.15380033606486238,0.0021651157685935035,0.033541072644646355
-0.11692730854468089,-0.1536441119964043,0.002685764265144913,0.0340310391865785
-0.11857779806825791,-0.1548515054763414,0.0022140415562247884,0.03405966585185871
-0.1203706440934709,-0.15565976453571567,0.0016274139317678793,0.03366170651047689
-0.12337849831857586,-0.15739627472690376,0.0005164713696253764,0.033501305038702536
-0.12469615649657947,-0.158833717039765,0.0007359282292715708,0.03340163231391398
-0.12614214077170402,-0.16034979706217442,0.0010294377698948087,0.033178218520575516
-0.12686722481711618,-0.16183310353991498,0.0009919030523412864,0.033973975670457526
-0.12633953949576104,-0.16174961514760117,0.001718012355256926,0.033692063296583204
-0.1289941675766901,-0.16395624950579138,0.0008386589184419951,0.03412342301065928
-0.13156026439469415,-0.166135176736963,-0.00014424699399877283,0.03471915933626756
-0.13203673772957697,-0.16652184592817748,-0.00012474213810333146,0.034609850336703815
-0.1347619960686655,-0.1682163240110848,-0.0012529837075064693,0.034707311649925764
-0.1375557814487391,-0.16960314645681313,-0.002204218439285588,0.034251583447359596
-0.1404330048865568,-0.17171078333132359,-0.0033395896833587485,0.03461736812812555
-0.13914696593511408,-0.17176448198922986,-0.002179841750489797,0.034797357804605494
-0.13914172878320025,-0.1723450874730197,-0.00153241346376215,0.034735772153581576
-0.1421660924978936,-0.17489574180887454,-0.002541143203217938,0.035270792514198894
-0.14053465350763028,-0.17465466987103,-0.001547815035342015,0.035667831398741724
-0.14261523425735298,-0.17615679032399217,-0.0026803745571202936,0.03622193062375949
-0.14498073394706798,-0.17750491515064976,-0.003044590690735191,0.03556877189431696
-0.14571374418752858,-0.17818616402066842,-0.0026771066675073674,0.03514952650064717
-0.14705216944000318,-0.17961276053551434,-0.0031864281681940054,0.035747019263705146
-0.1487537921389847,-0.1805900526995058,-0.0034243703388132513,0.03526063089933434
-0.15181844064818367,-0.18212002624756693,-0.004993376690707194,0.03529496229009047
-0.1528102348222104,-0.18284344799437002,-0.0053489868997458195,0.035382200071905436
-0.15075786260048804,-0.18229112001663333,-0.004152196213459969,0.03568545362960528
-0.1519054484155364,-0.1828629569618659,-0.004457240393804504,0.035414748940134
-0.1506398576497753,-0.18214912184455445,-0.003643986177044936,0.03515325037182408
-0.14996710111670583,-0.18185256981675432,-0.0035783501536384016,0.03546381885368682
-0.15130428105752408,-0.18198606028862868,-0.005005910740209507,0.03568768997131412
-0.15352535913703605,-0.1817578928820791,-0.007012961471708934,0.035245495216751986
-0.15528261151552714,-0.1823439276775681,-0.00898809805392313,0.03604941421596405
-0.15564983158148507,-0.18193750802544695,-0.009376727416444935,0.03566440386040681
-0.15410312370761292,-0.18129048249492727,-0.008942876350564372,0.036130235137878726
-0.15305871766228052,-0.18080296062410273,-0.00869957669694113,0.03644381965876334
-0.15244297947555546,-0.179898452754401,-0.008519999048278257,0.035975472327123836
-0.15183779928282806,-0.17939913658988416,-0.008149301007739626,0.035710638314795706
-0.15127375294245587,-0.1789426380044448,-0.008407723705596795,0.036076608767585665
-0.15033285407181224,-0.1784123849006744,-0.008175477043811052,0.036255007872673224
-0.1501737485565587,-0.17806605115093393,-0.008459686388300747,0.03635198898267592
-0.15148722896112618,-0.17790410236634796,-0.009451680477474578,0.03586855388269641
-0.1516474504766738,-0.17762349234518116,-0.010347109895121095,0.03632315176362848
-0.15077975422895162,-0.17677126920719935,-0.010620898729739522,0.03661241370798722
-0.15122783127581685,-0.17684776292346238,-0.01133085214158655,0.03695078378923208
-0.1498185777776889,-0.17602823740442253,-0.011015896018546162,0.037225555645279795
-0.14785400873460516,-0.17509963916898963,-0.0104288989782933,0.037674529412677786
-0.14804050315384304,-0.17454798401437494,-0.011190056940192844,0.037697537800724656
-0.148636343394952,-0.17444602996945313,-0.012138239036970297,0.03794792561147144
-0.14694389211576908,-0.17355934254998717,-0.011552881289853309,0.038168331724071386
-0.1474636412744565,-0.17330310150475442,-0.011649417044013788,0.03748887727431177
-0.14574538174592658,-0.17204240754025782,-0.011141116430504833,0.0374381422248361
-0.14539224546789484,-0.1717503428679891,-0.011380377010611106,0.03773847441070541
-0.14477635970011948,-0.17088833021659885,-0.011189743242545028,0.037301713759024385
-0.14428684033040468,-0.17037111092322527,-0.011908636788999533,0.03799290738182008
-0.1443371634678213,-0.17013318249969014,-0.012427694196132419,0.038223713228001256
-0.14150517380354055,-0.16827163200089035,-0.011593970041580248,0.03836042823893004
-0.1424082135533124,-0.16845730738066883,-0.012506807836511744,0.0385559016638682
-0.1424976878938629,-0.16770521227481547,-0.013053472770327729,0.038260997151280285
-0.14169932530008555,-0.16726276508696108,-0.01326127146469265,0.03882471125156816
-0.14286435561982264,-0.16704178255055085,-0.013713313047423153,0.03789073997815133
-0.14244152602238863,-0.16609402905405096,-0.014313536179530365,0.037966039211192765
-0.14331665965245727,-0.16625114626752444,-0.015348023702659488,0.03828251031772667
-0.14083590341170377,-0.16458274781392562,-0.014223093129051081,0.03796993753127296
-0.139563007617308,-0.16408750875330172,-0.013694571000948105,0.038219072136941756
-0.13906997283849132,-0.1638090175588542,-0.013019609857142372,0.03775865457750522
-0.13737285116964476,-0.16294388004354327,-0.01236590521965547,0.03793693409355392
-0.13854426411006088,-0.16263530436551604,-0.013209496965517806,0.03730053722097289
-0.13710365495259796,-0.16179545072133777,-0.012876184313220546,0.03756798008196035
-0.13746031106854728,-0.16142111293602596,-0.013389659834459347,0.037350461701938065
-0.13783672040863165,-0.16086990357937647,-0.013764467847203976,0.036797651017948865
-0.13592263703210472,-0.1595242996338892,-0.01375135491049495,0.03735301751227944
-0.1368360474137727,-0.15939800673650514,-0.014629679822916061,0.037191639145648506
-0.13730519742185127,-0.15888818090024104,-0.015105341607879588,0.03668832508626939
-0.13570268556445286,-0.15783537154854266,-0.014900616952788673,0.037033302936878475
-0.13413063713145673,-0.1569667536366248,-0.014371304284074737,0.03720742078924284
-0.1336161174187705,-0.15648171555722135,-0.01395122818353943,0.036816826321990265
-0.13313293927408482,-0.1561526981538514,-0.013691812783834911,0.03671157166360156
-0.13121694310228382,-0.15509849397894576,-0.013257662073139165,0.037139212949801166
-0.1311556592579417,-0.1547264209618998,-0.013541493815008493,0.03711225551896656
-0.13197884363279516,-0.15400604988872096,-0.014435547083647887,0.03646275333957364
-0.12905787304068767,-0.15265778544871078,-0.013342088327794516,0.0369420007358177
-0.12938780968750274,-0.15269191128552742,-0.0128058431824776,0.03610994478050223
-0.12669645580036604,-0.1514297375843871,-0.011545181675339952,0.03627846345936104
-0.1288883476092364,-0.15156739316676016,-0.013091721282277272,0.035770766839801016
-0.1281045186019264,-0.15089648296682626,-0.01325673897966441,0.03604870334456426
-0.12727808513864952,-0.15022551140042584,-0.01321063440079169,0.03615806066256795
-0.12556388139134217,-0.14945836267525242,-0.011924749194670278,0.035819230478580585
-0.12481909838621064,-0.14896111851183388,-0.011854543369414466,0.03599656349503765
-0.1252359084987722,-0.14870992505507188,-0.012407556701726635,0.03588157325802631
-0.12615323319446065,-0.1485010439014891,-0.013263182146787317,0.03561099285381569
-0.12400432481350465,-0.1472738362745395,-0.012729832561007917,0.0359993440220427
-0.1240673353153744,-0.14708799929857969,-0.01239511252589938,0.035415776509104685
-0.1236128998421655,-0.1467338413066253,-0.011971716185438658,0.03509265764989847
-0.1225771573946775,-0.14608581032991827,-0.01178450508449451,0.035293158019735316
-0.12210146878988837,-0.14601921923108024,-0.01103157697085956,0.03494932741205142
-0.12189651479854913,-0.14576264191546362,-0.010831332329977059,0.03469745944689158
-0.12189837878355458,-0.14545630530452822,-0.011074144539108086,0.03463207106008176
-0.11948860453225824,-0.1441543054756906,-0.010637546601351355,0.03530324754478381
-0.1211829357236498,-0.14449748547098004,-0.011242264565742968,0.03455681431307316
-0.12043593345681547,-0.14396722211333854,-0.010618720269298956,0.03415000892582201
-0.11907091794857855,-0.14326476820693154,-0.010229179965732305,0.034423030224085285
-0.12017925535519292,-0.14323103500408413,-0.011025800632977936,0.03407758028186926
-0.12041063350244058,-0.14293810519721467,-0.011663647684518691,0.034191119379292756
-0.12099486158695855,-0.142820781284139,-0.012305291806584448,0.03413121150376487
-0.12168617213536603,-0.14263408560419377,-0.013252892709687006,0.03420080617851477
-0.12170283250360892,-0.1422437832423819,-0.014031613877512603,0.03457256461628548
-0.12280827522846427,-0.1422910076373632,-0.014234901706852349,0.033717634115751294
-0.1214171039382988,-0.14140078113470914,-0.014081845439093396,0.03406552263550369
-0.12314879990473221,-0.14144551635214125,-0.015066102021560224,0.033362818468969234
-0.12340921029336466,-0.1410914803078986,-0.015125220992942029,0.03280749100747591
-0.12003343002911915,-0.13958586838317297,-0.014053848454314552,0.03360628680836848
-0.11979929703457332,-0.13911145545156806,-0.014172266051502375,0.03348442446849714
-0.11998953875734364,-0.13870387053820626,-0.014767235539953294,0.033481567320815905
-0.12117061097532517,-0.1383202233468206,-0.015826550101133027,0.032976162472628454
-0.1212021136539943,-0.1379528641923044,-0.016033747120360195,0.03278449765867031
-0.11961344928746648,-0.13695835895242145,-0.015809406989608768,0.03315431665456373
-0.11998893667907817,-0.13682377368477985,-0.015763104341823736,0.03259794134752536
-0.11851356261710766,-0.13606207287000888,-0.015251647694941042,0.03280015794784232
-0.11660926556415485,-0.13530800943657936,-0.014628035457383531,0.033326779329808036
-0.11494458266556046,-0.1344557928059821,-0.014120858755920201,0.03363206889634187
-0.11394391721154379,-0.1339702603393019,-0.014243833494160266,0.034270176621918384
-0.11491167654583656,-0.13392547050231352,-0.015225724702115612,0.03423951865859253
-0.1132847671810584,-0.13314520590706302,-0.01517927285454422,0.03503971158054882
-0.1136747133947959,-0.13301859256579127,-0.015339152039685736,0.03468303121068118
-0.11201859529193275,-0.13247975587539138,-0.014408259947338062,0.034869420530796724
-0.110891475510276,-0.13189819108543166,-0.014158264883281244,0.035164980458436905
-0.11121987697494895,-0.13091812427383454,-0.016045207425460728,0.03574345472434629
-0.11108888041368559,-0.13075894088646003,-0.016115603144947782,0.03578566361772219
-0.11012741856216512,-0.1303343676710969,-0.015834369720272953,0.03604131882920469
-0.10962682695706183,-0.1301032832945161,-0.015895912485655583,0.03637236882310977
-0.10647440591867668,-0.12899958009361887,-0.01488323232161079,0.03740840649655296
-0.10681810051828644,-0.1289784527222193,-0.015128392234190713,0.0372887444381236
-0.10546434673254151,-0.12860854371069763,-0.014842669436536338,0.03798686641469244
-0.10590362085099164,-0.12912084269735763,-0.014715252157206371,0.03793247400357232
-0.10725915906624012,-0.1297270538239381,-0.015064895169313974,0.03753278992701193
-0.1045573272876481,-0.12892360033317812,-0.014500380135956087,0.03886665318148609
-0.10509106454294864,-0.12907498955968794,-0.015263994675127929,0.03924791969186715
-0.10617691299752818,-0.1292945651372133,-0.016416179833293826,0.03953383197297886
-0.10574821346176239,-0.12892563073969907,-0.017015159794725232,0.04019257707266192
-0.10593585021564089,-0.12891990448648163,-0.017615785065225292,0.04059983933606599
-0.10333038330590172,-0.12812251136468622,-0.016999703725280424,0.041791831784064974
-0.10366433084524201,-0.12850584342770402,-0.016981486960775283,0.04182299954323722
-0.10447557607528468,-0.1292214133459752,-0.01722076598884173,0.04196660325953211
-0.10306045355819754,-0.12905733587245954,-0.016634884467071065,0.0426317667813331
-0.10010691422984908,-0.12840662451757115,-0.015584004791039469,0.043883715078761654
-0.09928713030870723,-0.1284027060224417,-0.015189787382405506,0.04430536309614001
-0.1006299314625721,-0.12959165672454093,-0.01577201758704741,0.04473374284901619
-0.09687076044995385,-0.12867740466366914,-0.01443936341569782,0.046246007629413034
-0.09703103363750576,-0.12915098472822129,-0.014306214288788255,0.04642616537950364
-0.09526295988639555,-0.12921746491148306,-0.013373591740404561,0.047328096765492114
-0.09434945979509546,-0.12976294033560745,-0.01289979594162835,0.04831327648214033
-0.09243417977226853,-0.12970705140319605,-0.012010403289333449,0.04928327492026095
-0.08942572285383266,-0.12915667638041972,-0.011289530074342163,0.0510204836009292
-0.09019329302508955,-0.12959648234542123,-0.012434386753141624,0.051837576073473335
-0.0900953257841261,-0.13001162672753677,-0.012597355215511197,0.05251365615892194
-0.08800023950882085,-0.13013636985046736,-0.012131510781588056,0.05426764112323458
-0.08654303891396797,-0.13041559011791698,-0.011795375308608719,0.055667926512557656
-0.08461480040142255,-0.1306551445900811,-0.011100752951206078,0.057141097139864566
-0.08374773175108241,-0.13101879679836761,-0.010769027743554233,0.05804009279083934
-0.08155100094479872,-0.13147300504351084,-0.009048874126991346,0.05897087822570363
-0.07863791339507376,-0.13159762231982802,-0.00794782774286551,0.06090753666761978
-0.0773923631390907,-0.1318432273203847,-0.0077821578525046065,0.062233022033798546
-0.07461894830686511,-0.13219654327797145,-0.0068306421470279155,0.06440823711813415
-0.07393002920917324,-0.13296073983255716,-0.00627777631972945,0.06530848694311334
-0.07075012905639277,-0.13289754671564333,-0.004576124575911333,0.06672354223516185
-0.06705684276250634,-0.1326225010975924,-0.002895929746504655,0.06846158808159071
-0.06704778330511918,-0.13334278181265086,-0.002654620171141764,0.0689496186786734
-0.06427226696444954,-0.13307935981630684,-0.0017387723831250035,0.07054586523498238
-0.0660442702096109,-0.13485265015516726,-0.0020349963034333174,0.0708433762489897
-0.06551803678087975,-0.13597155022022814,-0.0016592876509084475,0.07211280109025676
-0.06106449399269476,-0.1358416250379024,0.00013329170091661013,0.07464383934429103
-0.060641984499401946,-0.1366829540599041,0.00037883505286251395,0.0756621345076396
-0.05611375686053344,-0.1359539639591584,0.0016215778071392017,0.07821862929148568
-0.05828263105860476,-0.1377952371643117,0.0003974238226750748,0.07911518228303197
-0.05749227009322788,-0.13838887360054467,0.0007299893455176287,0.08016661416179917
-0.056705796710403766,-0.13966478952317288,0.0013293054217323463,0.08162968739103672
-0.054806158291945684,-0.14022639477270266,0.0023502987479518955,0.08306993773280494
-0.05331520392731215,-0.1410622200749671,0.0031645948214326924,0.08458242132622254
-0.05220952865330408,-0.14146892618280432,0.003541991010339335,0.08571740651916095
-0.050838486775001135,-0.14190336591690322,0.004380551295034313,0.08668432784686773
-0.047525310322061975,-0.14164305601566823,0.005534162009689453,0.0885835836839168
-0.04780516991895467,-0.14262373156422287,0.005238362034980515,0.08958019961028775
-0.04598196329080684,-0.14362496600860164,0.0056260059945171526,0.09201699672327772
-0.042405714153291196,-0.14397531026079202,0.007004724854397099,0.09456487125310369
-0.0420085847047762,-0.14523357813429,0.007272823170252352,0.09595217025926162
-0.03801155975709003,-0.1448211587879472,0.008423291775958741,0.09838630725489834
-0.03552367271813006,-0.14529058922549543,0.00938343707206099,0.10038347943530436
-0.032680407738678974,-0.14559044606062338,0.010315311154326795,0.10259472716761757
-0.02974104684749368,-0.14623050002321386,0.011322532133707791,0.10516692104201258
-0.027108565834867537,-0.14670700582607565,0.011881659169837022,0.1077167808213712
-0.02369364137420915,-0.14697110178485384,0.012657296280617653,0.11062016413002701
-0.02000129292707331,-0.14646190082563992,0.013383113680820125,0.1130774942177464
-0.01680230039629338,-0.1460295854290185,0.013827863214925212,0.11539942181779997
-0.011064367230467886,-0.14494106396788042,0.015153836170409163,0.11872286056700335
-0.006672242239592396,-0.14376234153981376,0.015995047115514888,0.12109505218470643
-0.000021627300478388456,-0.14156846424391967,0.01681459733081389,0.12473223961262742
0.00514242905909057,-0.13852821904680407,0.016841810387407757,0.12682883771848688
0.0118208622733732,-0.13465938439254943,0.01722448746031202,0.12925575920561064
0.01534004648066023,-0.1322699116621781,0.017236574238721936,0.13037338390411637
0.023540139861187526,-0.12671921471859887,0.017833946456706468,0.1324254081230798
0.03233009769178696,-0.12078554988495183,0.01872078819154871,0.1343948593851901
0.03890518259251363,-0.1146703401067306,0.0186098479364587,0.1349656747627855
0.05254419022447654,-0.10503075595269379,0.019713047107601633,0.13786189906956867
0.06015859490556241,-0.09739645770199129,0.018977096786615327,0.1385779558209383
0.07222397099074618,-0.08757840028948016,0.019855606005354798,0.13994676527487154
0.08508693295820968,-0.07925368540759592,0.022068895049347337,0.14227172331645804
0.09729709213801319,-0.06810018056293138,0.023134323440169774,0.14226294926077473
0.11501197395930673,-0.05662213293415663,0.026541631293232865,0.1450924756002304
0.1253867014447435,-0.046401664961349565,0.026711890622119955,0.14507647578397304
0.1370182900405572,-0.03614067376788471,0.02683098836915432,0.14632797543928774
0.15066946679758986,-0.02538320539119493,0.02767290402481984,0.14837976816396495
0.15856120885080927,-0.01645503985319971,0.027215831569215476,0.14780041713479344
0.1719500861148585,-0.00602802834745067,0.028863086453042114,0.149115028009267
0.18127182573155143,0.0026921631487114572,0.028676219885975046,0.14990344269686476
0.1878580137382596,0.00824766752083686,0.02909917682229715,0.1505111693951254
0.1949522229250621,0.01426562344436011,0.028789008797535043,0.151897590683167
0.19642764949826497,0.017040170540975563,0.026825114957533647,0.15256236399975576
0.19891357536084586,0.019178857156240348,0.0254478326016348,0.1542868856029707
0.20022120561618545,0.02052297294463898,0.02456745145254896,0.1551307812189975
0.2013772135476265,0.02054922281194363,0.024314956690811185,0.15651303404487152
0.20263883070830924,0.020399315271858814,0.025033923671216568,0.1572055917652339
0.20137685878943118,0.018997650318869796,0.02545698551485895,0.15692222295570246
0.20106396070654897,0.016629245983392216,0.026743437831735023,0.15769127689142184
0.1971271549447055,0.012177602045151087,0.02663935762361397,0.15831019527594048
0.19236336095109974,0.0076936373843289885,0.025649389781053106,0.1590203337857177
0.18773210692000797,0.004011019784734726,0.024353941114385297,0.15936714602088778
0.18046031552056058,-0.0023368432254173566,0.021835072429493008,0.16096208631648493
0.17646423842702813,-0.005468772807766281,0.021343353995939424,0.1605896572388548
0.17328388260011596,-0.009326680895585054,0.02126503451069922,0.1613455289850018
0.16964601303639726,-0.014166297367948805,0.020934610075607374,0.16287770032873883
0.1673940400839805,-0.017799170552733848,0.020855039383212703,0.16433817125350175
0.16120028945357368,-0.021934499920901074,0.019288458733197067,0.1638463306412776
0.15826352497831364,-0.024422847760335972,0.018759897386070035,0.16392647535257965
0.15638785640737152,-0.026793581532917582,0.01819394334071378,0.16498749459957537
0.1525820864490035,-0.02873067142724009,0.017375437428014062,0.16393732044822965
0.15192178442166654,-0.029380782090677807,0.017326646401781554,0.16397592011056286
0.15000326057048607,-0.030462910015989178,0.016657551543714455,0.16380861904276062
0.14894938671103936,-0.03114664031579338,0.016235954539808084,0.16386007248702467
0.14666539786489052,-0.032081802006790006,0.0154275864399335,0.16331961343174703
0.14541808775287962,-0.0323614012449918,0.014626908640001546,0.16315258035787003
0.14537700150658256,-0.03268882725771907,0.014729523865330496,0.16333630489897116
0.14524091641152304,-0.032890960941970845,0.014773538703912015,0.1633583386495819
0.14368177033367835,-0.033314372771961365,0.013904145788775552,0.16309199731686425
0.14208169598084708,-0.033208405209830844,0.012822903337519675,0.1624671978531583
0.144078229982049,-0.03170831971651124,0.012976549559640227,0.16281000013891994
0.14466450551066684,-0.030860593284797053,0.012832545270265033,0.16269255352519874
0.14335713471235328,-0.03065229293247347,0.011647963293546004,0.1623614643512806
0.1441345856525703,-0.03016948417571208,0.01212100106826633,0.16218306876001604
0.1444072460989142,-0.029651121733326707,0.012338171577719076,0.16172019625452178
0.14336278850609302,-0.029284044866063536,0.011797869500691699,0.16084896387146488
0.14457165834011276,-0.02817920420996539,0.01137332058726337,0.161377541962815
0.1434635308915635,-0.027618143517289792,0.009751317802180942,0.16133035660667244
0.1453828422901407,-0.026606066367013972,0.010010440458284864,0.16197846819886966
0.1476744928138175,-0.025933779652593872,0.011642369589730805,0.1619659028766806
0.14587339593916382,-0.0261798905691972,0.010774268187675129,0.16127901832068592
0.14601389495614164,-0.025685327005261355,0.010154081091554135,0.16154514086984878
0.14525359531791515,-0.025183999044419397,0.009171053500543674,0.161266540861791
0.14627769336201424,-0.02418452772739657,0.008469602540590343,0.1619926185488204
0.1436559541072699,-0.024540088678917493,0.006491154044856284,0.16170488874133127
0.1456908431608736,-0.023664713477793448,0.006717909997210447,0.16263764664145672
0.14782372951904998,-0.022583412032455952,0.007560287305510116,0.1628468542459958
0.149893106852047,-0.02109531234215889,0.00825783461703794,0.16273058457716805
0.15125865582576076,-0.01979545035449848,0.008105675660032868,0.1629484305202264
0.15077040353813154,-0.019251404494224855,0.007005232121320842,0.16301657591103547
0.14987104794957634,-0.019225764797699663,0.005951534079229298,0.1631452786680468
0.15348050049712242,-0.01777655180337641,0.006887500499336091,0.16436955180116286
0.1547859805087427,-0.0174476142933552,0.007205828327352587,0.16502776647474526
0.15526065699175828,-0.017355606526110012,0.0070845403588794265,0.165531723158989
0.1561711365675147,-0.017016923124213365,0.006815204011139775,0.1663728556805883
0.15643805035603248,-0.016653048855047925,0.006170922474221713,0.16692017673685866
0.15767269175284576,-0.01565122791735636,0.00583701405744208,0.1674869056127601
0.15885823061066257,-0.014649040786792786,0.005578082179021032,0.16792918921843428
0.16007577683189217,-0.01364874152024452,0.005290339932309429,0.1684341784198272
0.161889053488515,-0.01250172309997262,0.005271053247375174,0.16911972334111255
0.16462629491080233,-0.011016345645944906,0.006008238900567814,0.16963440165617943
0.16593690777069936,-0.01003190151223203,0.005999314934789862,0.1699694943481416
0.1659648965379168,-0.009593891301822866,0.005519555922363695,0.17003923191737597
0.16534296102511092,-0.009172022179127895,0.0043776524841011855,0.17013733072013765
0.16538775179858844,-0.008687961503620514,0.003237767190665708,0.17083794611154343
0.16623197440185766,-0.008450638901688443,0.0038939067325674537,0.17078870657097864
0.16560230069942816,-0.008455794361233407,0.003784668660156837,0.1702734264005047
0.16598110029663515,-0.007928638248878128,0.0039678312522987425,0.16994190729321457
0.16762332001611835,-0.007040290470223767,0.004432610104743773,0.17023100038159847
0.1664680067163561,-0.007062344005952875,0.0037842079305521747,0.16974614279175684
0.16670861244626844,-0.006967333378219823,0.00399762973848522,0.16967831608600298
0.16959574890292872,-0.006053346254849407,0.005254804169327054,0.17039429098845107
0.1690882413841145,-0.006296732837758945,0.00573795129560653,0.16964702292626693
0.16886966116483992,-0.005898281852819723,0.005231019140365278,0.1695369238772943
0.16745079758742976,-0.005766145691539437,0.00439872511551434,0.16881821816345471
0.16980552361220813,-0.004691724836354105,0.005037805026095493,0.16945944342246674
0.168854437041996,-0.0050588322042747075,0.004681577550048638,0.16923169169622213
0.16738199370512308,-0.005905385043477124,0.004488967221145446,0.16879841152745467
0.1701501945921079,-0.004944837434760402,0.005512955774050643,0.16958207625281765
0.16850769672281363,-0.005215928729394206,0.004804012856029799,0.16891961259617788
0.16938545161102447,-0.004691827407593968,0.005057185938740355,0.16902009307987823
0.17129461145137614,-0.003969443781252524,0.006026064621153626,0.16923799061147488
0.1716813605664479,-0.003982686815916486,0.00660080318198758,0.16906324420037674
0.1718035561640856,-0.004094084793793529,0.007173269744739336,0.16872437121313977
0.172303813743372,-0.004106595629131932,0.0077426826079754485,0.16866772676452849
0.17306115645614184,-0.003833034607738983,0.00808589601359308,0.16880829505028777
0.17382045926306966,-0.003421464908847871,0.008296676750530085,0.1689452474213874
0.17462245862434567,-0.0030874420715850948,0.008568835828031168,0.1691410648678997
0.17708416607566768,-0.0022396610291699204,0.009840558167528629,0.16948326893730903
0.1780059376455566,-0.001973298784864297,0.010498205049505549,0.16948103138091544
0.18016077247288875,-0.0011310198078232914,0.01152051386347483,0.16977127841723721
0.18034673710498283,-0.001292253682779576,0.011883905500877201,0.1697550852868851
0.1806072058813697,-0.0020486502053616296,0.013096749620490095,0.169559106466241
0.18076872449537285,-0.0018721148275914756,0.012896306976170557,0.16974453234679382
0.17994408653570482,-0.0020221462661356437,0.012423113032491995,0.16954311976934838
0.18050625553528965,-0.0015661642512194152,0.012363266482925517,0.1697091533035836
0.18315133211586532,-0.00094640084910666,0.013643463485859708,0.17045426947911244
0.18370304551965666,-0.0009894364824904467,0.01409964979791542,0.17059283220423171
0.18865458014689152,0.00033772546810226234,0.016226090504724483,0.1720907641740649
0.1893276216674593,0.00018914475644868367,0.017359276524575834,0.17177920038643488
0.19102660157704177,0.0008171089308612045,0.018002002851171928,0.17220748979500872
0.19412079531091297,0.001806048822822065,0.01934123310731589,0.17297351338077502
0.1916496724536324,0.001255303054687018,0.01824689218601902,0.17214747721292653
0.19368750927005862,0.0020851142835044134,0.01854492938781377,0.17305746559874058
0.19252300748090356,0.002039817799045468,0.017556086504999263,0.1729271031768587
0.19320591904626183,0.0023337187662171854,0.017064925011480825,0.17380727526856377
0.1947114477749352,0.0027596688292921,0.01765394095317538,0.17429783799246767
0.19534059811031135,0.0032782363741274134,0.017841720782056508,0.1742206409541274
0.1990043946740685,0.005247356022016592,0.018526335123813936,0.17523070352823789
0.196840368148831,0.0055391264788089145,0.016961491021448283,0.17433975064857382
0.20006973296033648,0.0077109964045806445,0.017523817771237543,0.1748349187845183
0.2020126406199929,0.008951769420071726,0.01814614913163687,0.17491472206828423
0.2004691818729264,0.008989207504092322,0.016184349330825604,0.17529562503800847
0.19910619177444522,0.009048548380679033,0.014713830550895979,0.17534381284287034
0.19893083823061353,0.00997040511188202,0.013329623053816103,0.17563081006491532
0.1992129076594903,0.011293816466562467,0.012138569808994054,0.17578052138393388
0.20203999267755368,0.013274109359160097,0.011871476739226144,0.1768944065791675
0.20159443387424858,0.013915381510531122,0.010862490614465925,0.1768165617492516
0.203929163003022,0.01539363369383423,0.01119454230007666,0.1773409870091111
0.20568499078186941,0.016815382772525728,0.011192494047906232,0.17767711396143757
0.20734082763333728,0.017949379114444663,0.01100164971426143,0.17838979880463124
0.20922378184484525,0.019711878660660653,0.01091360572665584,0.17859829745752867
0.21047776335764046,0.02144778591521776,0.010469844504914672,0.17856013293750805
0.21343921981400849,0.023812594025378248,0.010526522089038315,0.17910010369959195
0.2133595017280583,0.02450747522915417,0.009600793987944,0.17925123251095998
0.2185882794461932,0.02705333562478747,0.010850994902660505,0.18068394891874526
0.21847651088695397,0.02787312499184809,0.010292706855278833,0.18031067903982714
0.21901717289699607,0.029174321959981875,0.009213442753282841,0.18062940818373133
0.22188571209016228,0.03134878771869727,0.008755208038513762,0.18178171633295132
0.21831277664063486,0.031446611342107106,0.005542644783136097,0.18132352051539166
0.22087834614413593,0.03342245649383327,0.004765622492727439,0.18269026715757508
0.22231033857329108,0.03463065817536787,0.004104378807782694,0.18357530159014038
0.2198373841974951,0.03413043263516605,0.0014427051408880676,0.18426424642144085
0.2217531463962551,0.035793353678717166,0.0009047174162277183,0.18505507530131016
0.22157406513813693,0.03679892926861407,-0.0005537981926905244,0.1853289340622134
0.22199842623080657,0.03779433287577676,-0.0017781046241451826,0.18598219797917498
0.2216478768701976,0.03845992671248287,-0.0036930138665889345,0.1868809640243034
0.22138385045887765,0.039415809585452405,-0.0060571220214462596,0.18802516289487148
0.223631541142707,0.04123167369387343,-0.0074488476481681665,0.18984871509700202
0.22286553700430345,0.04209015367985518,-0.009684281450798637,0.19045966477524678
0.2183207888124601,0.04108477288825674,-0.01305789253707168,0.19029390846127514
0.22037825857158266,0.04252791412270632,-0.014526903101261313,0.19237724755013766
0.21986205451446394,0.042981084257552454,-0.01633592927177613,0.19321689952868767
0.22241085433882213,0.04434437687767351,-0.01634517263100088,0.19441165009214942
0.2239607672775793,0.04535152355586808,-0.01639082233843614,0.1950000660601474
0.22295045561327154,0.04591230908537659,-0.01875112838533971,0.19578927491323467
0.22229199502011354,0.046599164808725196,-0.021145492561514434,0.19683832277290272
0.21946853885334283,0.046841167077332435,-0.024580513625483302,0.19720788540149373
0.22344668519458122,0.0490050509155531,-0.025292381710130762,0.19973401598915896
0.22038556734439219,0.04863500699156337,-0.02829216865307388,0.20004272900590275
0.22080479081119853,0.04920885049536107,-0.029980699959598234,0.2015766402754358
0.2225495661190856,0.050229938776446256,-0.03084544580610893,0.20316507314874824
0.2241039055919335,0.051531475003779165,-0.03204852012907233,0.2046209507172265
0.22502535005043034,0.05254096551657915,-0.03298641130431951,0.2054707958381706
0.2233129608646779,0.052685033850917065,-0.03539327114775065,0.2060211981615118
0.22311785824062436,0.05344589904485868,-0.037415970324193915,0.2070879295199596
0.22200917869091985,0.05333722438121015,-0.03939319609665631,0.20806515040636622
0.22233564493208835,0.053588548160340324,-0.04079262050009608,0.2095397172718441
0.2236011536703555,0.05411393173726327,-0.04139289148895753,0.2108801134220498
0.22403795632526602,0.0542653761836627,-0.04206784826847204,0.21184042841007514
0.2258447477386728,0.05434755253327213,-0.04168472731721329,0.21318192252261392
0.22469792938662736,0.05330198679171434,-0.04232128997422219,0.21371723256913533
0.22608028069020492,0.05306479989900924,-0.04221373632039893,0.2152292171115946
0.22734951973920048,0.05285314817764386,-0.04200843386903175,0.2165048054305883
0.2283433290025586,0.05306093594673332,-0.04228356653326454,0.21756595958908986
0.23172709802778235,0.05381174163578464,-0.040876854442496724,0.2187922108344944
0.23086764076442456,0.053217104944516605,-0.04086378487487635,0.2185143206947843
0.23271226238181364,0.053337986606851934,-0.040120573563560524,0.21949484933852206
0.23332220781391955,0.05286654728343969,-0.03922711486913005,0.21968277539960976
0.23842212606205027,0.05333530818252111,-0.0361551703332913,0.22124198821282043
0.2423353445718034,0.05340630142157703,-0.033404051676841184,0.2223330948270674
0.24498631782675628,0.05355009070471731,-0.031489734413939596,0.2229259615359786
0.24824615351015977,0.0540350880169352,-0.02899113816314186,0.2232022036563664
0.25160695938841793,0.05435010536567264,-0.026743976971015104,0.22400083099376034
0.2558441706254906,0.05453511279048058,-0.023685076271418692,0.22499413410642888
0.2608934818840226,0.055068514523723036,-0.020090811991158475,0.22591577935145796
0.2634429440953713,0.05444342554708817,-0.01725179007347033,0.22625130862175338
0.26723977661266307,0.05468862291925638,-0.014728680403010064,0.2272798340964166
0.2716368357650397,0.05564565537662113,-0.012219183657557975,0.2282103640459766
0.27469735661298655,0.05588899040355873,-0.00998714034829723,0.22879550655772496
0.2774794913658425,0.056345177642392635,-0.008092616801384012,0.22922693052483395
0.2802454978513348,0.056476497469637316,-0.005726982412402326,0.22949598279409986
0.28476421743319025,0.056851757974220506,-0.002654817216567573,0.2305672766755375
0.2875275352848251,0.0565699637246475,-0.00003413978022420716,0.23099171134040186
0.2880180579274977,0.05571658450124031,0.0013851729780292033,0.23091630044822814
0.28928848471563295,0.055067160047732364,0.0027386984176245854,0.23148262625027596
0.2957679739201046,0.056689944651972586,0.005877481098714943,0.23320054816941715
0.2952117313795324,0.055541411862360016,0.006833580343090617,0.2328367391740817
0.29764118433098924,0.05501387595940181,0.009283609524125491,0.23334369884746187
0.30091936476946,0.05460448873303415,0.012245346017306369,0.23406953001911934
0.30112698695249157,0.053438749393808105,0.013872450536486725,0.23381578702219702
0.301121098270631,0.05244969680560295,0.014955077089994828,0.2337163243750331
0.30106178045075205,0.05109178479811437,0.01632505872904083,0.2336449369235967
0.3003523960913103,0.050511627688408604,0.017151016260741114,0.23268975214216067
0.30053558836543554,0.04990746624304895,0.018513803820565555,0.23211431830182105
0.29987960186120777,0.048781687980156814,0.01998503474220037,0.23111287913885062
0.29936899293051034,0.04786459579371143,0.021466452845759765,0.2300379442910392
0.2989413310325009,0.046802368516321594,0.022551351691036003,0.22958761082514348
0.29802890027161366,0.04608537501412914,0.02322100077404654,0.22872252448343816
0.2970415007760955,0.04528737849335618,0.024142200972680383,0.22761192131005886
0.294354784186277,0.044054978156596564,0.02433720664624961,0.22596259938343094
0.2940966826208307,0.043468119425216174,0.0255345078576259,0.22509405533798865
0.2907905149408359,0.0418291203787989,0.025776564247736555,0.22318483031430045
0.2901837454907958,0.04132486711188352,0.026939991792951756,0.22191888658596046
0.2870378626651723,0.0401155735992438,0.02674142730456114,0.2201808617613673
0.2858735092699528,0.03852621697438293,0.027616685963328558,0.21973060633224134
0.28161205402585915,0.036766732850413125,0.02725464205504813,0.21759067912039792
0.27797370291327045,0.035480085072337166,0.027272669211303224,0.2152209486296301
0.2790519539572793,0.035664425478032946,0.02954485371059412,0.21384267476865226
0.2753601397034652,0.034295845988935904,0.030070969650302204,0.21099332406422702
0.2737906344170479,0.033624873859933686,0.03116235447446275,0.20900340608265142
0.2696398550300879,0.032331749371740826,0.030962679383891578,0.20634542627445548
0.2656315858951103,0.030423233455588422,0.031530841928303244,0.20367751051121896
0.2634543719083798,0.029874390029448264,0.032131389559297785,0.20144859231963377
0.2598536064475613,0.028403335191509317,0.03276672792371482,0.19868354333233695
0.25640934201153043,0.027007484366294833,0.03387765507880369,0.19552420256643188
0.25531119128423213,0.026702385782904958,0.03570400919211453,0.19290479630921264
0.2521007923706485,0.025668043989718854,0.03632843760818383,0.19010431077274575
0.248651571188717,0.024799798798871994,0.03680159880845113,0.1870501735813939
0.24542066346984875,0.02368529706824996,0.03797243308600218,0.18376293331559668
0.24270307887931625,0.023143371282313155,0.03877129738067847,0.18078841021632444
0.239478877817061,0.022344756020475903,0.04039581173630047,0.17673831006028456
0.23654991054721042,0.02165976943882523,0.04240149729409737,0.1724886438142878
0.2340387389061383,0.02165744656099649,0.04427983521593104,0.16810145712921076
0.23102205367627587,0.02100660966700383,0.04495044050876129,0.1650650035005107
0.22720233306693316,0.019558073784626005,0.04636523528366332,0.16127902399864372
0.22494744015535628,0.019066585010594796,0.04712064592198345,0.15876020922277806
0.21788407133199367,0.01698318194186468,0.0460229872354187,0.1548779021547103
0.21221780184108413,0.01615107876265869,0.045451320541773754,0.1506154025366518
0.2097863962995002,0.016390679416065805,0.04524860557566962,0.14814711130776473
0.2075786955715601,0.016842281511267973,0.044908613776801054,0.145827800283491
0.20210725478115382,0.01596708936021036,0.043431471431902346,0.1427086939890411
0.1936809840516157,0.014448962954174964,0.04011229455620502,0.1391197265412358
0.1878109255504079,0.013336292350652208,0.03814336072482882,0.13633127247492693
0.1858142170400126,0.013563103628877204,0.037299778802331485,0.13495133460880393
0.18113059502049933,0.013180533411023754,0.03563091885156089,0.13231914275791462
0.17921555267640554,0.013999314119197925,0.03479810397883126,0.13041813457837634
0.17221174462866112,0.01253343961765234,0.03235318383596825,0.1273251211750406
0.16650319613380649,0.011568623249040118,0.030277122024332803,0.12465745086043356
0.16407912309583333,0.011312909769858815,0.02921675609337293,0.12354945723260154
0.16359588491960386,0.011596857727258228,0.02895611159275685,0.1230429155995888
0.1584950083480755,0.010683753738240594,0.0271737877246237,0.12063746688521129
0.14868204700151788,0.008453703371998827,0.023532176562511165,0.1166961670670078
0.14420367950978258,0.008418248195156974,0.021787255147149354,0.11399817616747618
0.14366781030943243,0.009235530479039189,0.021393250187379198,0.11303902964301404
0.14279209580786034,0.00949255440359439,0.020989895466940967,0.11230964593732509
0.13920796074811098,0.008680691041173073,0.01972817867431409,0.11079909103262378
0.13011288265283177,0.0059924778491186395,0.01663785649677013,0.10748254830694293
0.12686795787128136,0.0056223826420530205,0.01548771333879767,0.10575786189043057
0.12227425903533784,0.004723259336056329,0.013706445840526327,0.1038445538587553
0.12203152791820271,0.005232258392391068,0.01350397104436235,0.1032952984814493
0.11796657319997522,0.004456890726134977,0.01205076353710538,0.10145891893673492
0.10923065325927372,0.0027406967662552684,0.008910792014635627,0.09757916447838283
0.10438248913354553,0.0015855568204948337,0.007151646082933394,0.09564528623011723
0.10510624390025658,0.0023067520699270663,0.0073416380422025584,0.09545785378812693
0.10493379258819935,0.002790770114306805,0.007134353722931475,0.09500866875096106
0.09951656806635767,0.0018416979949831755,0.005175877593504408,0.0924989924778701
0.09217155742157057,-0.000031744139919000214,0.002591234691464328,0.08961206687002521
0.08803582544933153,-0.0004923101659336793,0.0010200276575374478,0.08750810795772782
0.0892648418248837,0.0008639639865186816,0.0012543056609182757,0.08714657217744676
0.0880308518377288,0.00017679892920206136,0.000917872500019179,0.08693618040850758
0.08158101851836325,-0.002095548393655604,-0.0011919631472884773,0.08486853005930736
0.07369591629554223,-0.004416504940966362,-0.00390997784018271,0.0820223990766913
0.07338485174689102,-0.0038599875653513235,-0.004144665468090392,0.0813895047803328
0.07322519584773635,-0.0032458143158871147,-0.0043558335040991825,0.08082684366772258
0.07316440318498446,-0.002931317826383159,-0.004407240150631486,0.08050296116199906
0.07157222415876996,-0.0036057657581489086,-0.004866028481480988,0.08004401839839989
0.067470763443994,-0.005102529511790188,-0.006219032591926965,0.0787923255477111
0.06232410020451551,-0.007089832750154838,-0.007869470354218755,0.07728340330888908
0.06327246670573528,-0.0069557898469095394,-0.007519096139519732,0.0777473526921645
0.06631383045250033,-0.006064092872399125,-0.006561976302894346,0.078939899627794
0.06485355971987805,-0.006603683717523991,-0.007017035029842078,0.07847427846724409
0.06069827860418309,-0.007656817664964885,-0.00846829010344341,0.0768233863725914
0.05622496681487582,-0.009259340004097574,-0.009911938732569181,0.07539624555154256
0.06174101168432555,-0.0077389251886694,-0.008078412516107358,0.07755834938910228
0.06407345508738488,-0.007004071214913109,-0.007239972629053237,0.07831749893135129
0.06659634390941266,-0.006223081719924639,-0.006418258562874757,0.0792376841922121
0.06408764138325207,-0.007301044765555653,-0.007203536292292201,0.07859222244109987
0.06765465826331407,-0.006360804412830587,-0.00596592010253999,0.07998138277868459
0.07228357669282265,-0.005225881902357961,-0.0043822071103084,0.08189166570548895
0.0799983446856401,-0.0028221902075540248,-0.0017320509460825861,0.08455258583927668
0.08101122202473199,-0.002948746525602265,-0.0012803374114865318,0.0852403059618208
0.08289023534851298,-0.002871122137999532,-0.0005104135566731394,0.08627177104318562
0.08834756635813551,-0.0015620346880112698,0.0014555753474409516,0.08845402569870577
0.09539145977606373,0.00030502275782164773,0.0038600956619105897,0.09122634135633148
0.10587804923614014,0.0019289203726003332,0.007759766258202516,0.09618936260533732
0.11195575818757442,0.0031543228061731154,0.009877854703708944,0.09892358067769239
0.11523671976018374,0.004009063282849244,0.011045809601218703,0.10018184687611591
0.12162472521462242,0.0056881507667739944,0.013379271573372875,0.1025573028744755
0.13451445655077648,0.009235984426803227,0.017747140492021307,0.1075313316319519
0.14533605381690046,0.011984857969170933,0.02157850789681287,0.11177268795091662
0.15182395169915436,0.013468762377182086,0.02396964605241525,0.1143855432695568
0.1536969537165619,0.012854521549383914,0.024975235083713243,0.1158671970834647
0.16280200639498787,0.015909926563142246,0.02839704283399197,0.11849503699785359
0.17435652946498237,0.019377427137069712,0.03234116149126193,0.12263794083665078
0.18808803275301472,0.0239185296075655,0.037148995918578454,0.12702050722687067
0.19107331653266513,0.02457454951276105,0.03858016981829071,0.12791859720161347
0.19080146411534415,0.023815151098549717,0.03894932475636498,0.1280369882604295
0.1939684871642391,0.02482737171525187,0.0409473227698271,0.12819379267916015
0.20501032630023253,0.028625598782320988,0.04475693047213242,0.13162779704577912
0.2158650531447101,0.033310805921092285,0.04885222903528447,0.13370201818833347
0.21554038793695046,0.033821074584739874,0.04959134088967243,0.1321279724625381
0.2096147666368927,0.03192546161789943,0.048343461973728186,0.12934584304526503
0.2068896550563386,0.03172008316349731,0.04868169343069029,0.126487878462151
0.21102573497092253,0.033292564926671195,0.050495047987700326,0.12723812205655102
0.21461112751188888,0.035026313816706525,0.052222052158110654,0.12736276153707168
0.20863862511245956,0.034675737108827986,0.05136812442435795,0.12259476357927354
0.2026345105069257,0.03323666622751932,0.04998465891230164,0.11941318536710471
0.19600508332998096,0.03307786467931359,0.04902669344715055,0.11390052520351672
0.2014294685169981,0.035813695711752955,0.05181877160921661,0.11379700119602856
0.20549645669586647,0.03815225191057386,0.05462857126818188,0.11271563351711067
0.19732783381893548,0.0361624546806143,0.05371229969221772,0.10745307944610331
0.18632024204695202,0.032752844991829774,0.051361543232003454,0.10220585382311882
0.18053328700684712,0.03129490650302608,0.05196919308923048,0.09726918741459058
0.18547633686002138,0.03289709268458024,0.056741243544436576,0.09583800063100462
0.1920965707136456,0.035037660314206576,0.062053510118268346,0.09500540028117073
0.18618947675330605,0.033297314091085536,0.06425207684272546,0.08864008581949505
0.18008563797595567,0.03003357123002169,0.06663392815173466,0.0834181385941993
0.17342999155201835,0.027336434528164685,0.06865606665860985,0.07743749036524385
0.1821175716652166,0.02880005003972546,0.07686910646604009,0.07644841515945114
0.19005527585372062,0.028915368714461667,0.08629848142230895,0.07484142571695002
0.18954668181416098,0.026654648553883484,0.09339075098571481,0.06950128227456279
0.1889238723139019,0.024217490041550736,0.0997840149665874,0.06492236730576371
0.18822095914489925,0.021639362771619416,0.1067016616341494,0.059879934739130336
0.19988239174212188,0.023033566831004763,0.11733643723554207,0.05951238767557506
0.20614422236444557,0.023319803008550258,0.12422828802147831,0.05859613133441699
0.20079124411087634,0.020651072458366313,0.12583640823399228,0.05430376341851776
0.19770379148618805,0.018229762398250346,0.12926749372715346,0.05020653536078427
0.19504612982046673,0.015505520486286957,0.1343190050538391,0.04522160428034069
0.20839736970998032,0.016858300404565568,0.14570756864937828,0.045831500656036424
0.22012703274326959,0.018108794844425933,0.1558614008953113,0.046156837003532306
0.21494079757547774,0.01475340715452471,0.15818975342798908,0.041997636992963994
0.21282603492985078,0.012453839804903333,0.16153185114812513,0.03884034397682231
0.20782141047985486,0.009910048394186622,0.1627424611303242,0.035168900955344085
0.21631674735007078,0.011597848744932316,0.16884803441952584,0.035870864185612694
0.2237165046928547,0.01336406099131776,0.17413948977037402,0.03621295393116288
0.21926240659053442,0.01079768459451483,0.17555309102375438,0.03291163097226517
0.21552500908380567,0.007892262632185829,0.17768325032704158,0.029949496124578243
0.20856324425367068,0.004794692712049952,0.17772285230421667,0.026045699237404116
0.21414799092020156,0.005785296503313676,0.18170254935620056,0.026660145060687323
0.2184276281115815,0.006664118660733721,0.1842153561394858,0.027548153311361963
0.21360180135665602,0.004651378392205741,0.18410821420875717,0.024842208755693027
0.20983942946477574,0.003145230614844164,0.18456170677315767,0.022132492076773935
0.20681633652407955,0.0020999058586484882,0.18497794566954345,0.01973848499588753
0.21131014672532403,0.0036474642043240624,0.18728799092800064,0.020374691592999292
0.21765309153906967,0.006573672345373134,0.18959788147967568,0.02148153771402085
0.2109504861490536,0.004753800172174706,0.18736836868304807,0.018828317293830832
0.20431982018007194,0.002629910685370329,0.18508961498475812,0.016600294509943474
0.19633009485681038,0.0007005608683158457,0.18164084687033225,0.013988687118162303
0.1978037756839822,0.0013492326398841584,0.1815714625392383,0.014883080504859756
0.19851858188549612,0.0020135160373637682,0.18093525386091425,0.015569811987218119
0.19000949327932565,-0.0000990299053983193,0.17690863432109907,0.013199888863624857
0.18465713957479607,-0.0008523666846536326,0.17387471033952928,0.011634795919920423
0.17904808737464312,-0.002307867375398431,0.17099006482310808,0.010365889926933505
0.1803704674775296,-0.001959061218186989,0.1706054959787633,0.011724032716953351
0.1819116241308835,-0.000602586211671587,0.1691803241344738,0.013333886208081331
0.16991185826937164,-0.003024160536404818,0.1615537319408077,0.01138228686496881
0.16271806800267385,-0.003546658823117251,0.15483200524390112,0.011432721581889951
0.15537080802035377,-0.004201708815613645,0.14902108448746387,0.010551432348503547
0.15140934343239504,-0.004127359620601269,0.14483129039517348,0.010705412657822776
0.14799678938902608,-0.003368204829466998,0.139292416840335,0.012072577378158058
0.13733469159816503,-0.004959704722853,0.13130820630729675,0.010986190013721281
0.13328835309476683,-0.005137609139908074,0.12688153368592237,0.011544428548752539
0.12850156439924756,-0.005018303302941442,0.12162111223196712,0.011898755470221878
0.12476736525208595,-0.004530318735440358,0.11664913439577929,0.012648549591747039
0.12380491109344074,-0.003614044027671702,0.11348148669449146,0.013937468426620973
0.11451114343491209,-0.00546690080135259,0.10772623070872045,0.012251813527544246
0.11033519822944914,-0.005791894036176416,0.10389493457992635,0.0122321576856992
0.10505275960859102,-0.006072603003313928,0.09946326573244038,0.011662096879464562
0.10362405420821516,-0.006027136574749256,0.09698240974895275,0.01266878103401169
0.10222331403995788,-0.005531194922707698,0.09378187147647901,0.01397263748618659
0.09582001980898112,-0.0063059028513763535,0.08880673948518798,0.013319183175169507
0.09225990942726424,-0.005428015653367511,0.08389733878182143,0.013790586298810328
0.08882230830769372,-0.006496465520970872,0.08168890491009012,0.013629868918574477
0.08831468786847592,-0.006508326536978015,0.0801712099703602,0.014651804435093733
0.0896355989528754,-0.0055746511716055465,0.07916476687422963,0.016045483250251295
0.08127006699613046,-0.0072148823827155395,0.07441300694075317,0.014071942438092823
0.0781755448537853,-0.007008246874050354,0.07123825090557914,0.0139455408222565
0.07465357560203861,-0.006853471708977192,0.06822193282153058,0.01328511448948521
0.07633693746750524,-0.006446942638735948,0.06771124189390791,0.015072638212333263
0.07840663534268226,-0.00566472682389868,0.0676880672458951,0.016383294920685843
0.07269134809303059,-0.0072632003963047816,0.06534104769571125,0.014613500793624133
0.07572193378004127,-0.007212859264679618,0.06696183507916482,0.015972957965556037
0.07153459500196024,-0.008777487097000615,0.06548791884534198,0.014824163253618863
0.0722501200224819,-0.008762202073140792,0.06500384536040434,0.016008476735218366
0.07285625154435406,-0.007242157728887251,0.06332598716498006,0.016772422108261263
0.06745942047280312,-0.007848971500767627,0.05954317788524871,0.015765214088322054
0.06658937742367627,-0.007185876075514315,0.05748399976969275,0.01629125372949784
0.0640698806593419,-0.006917751021393435,0.05552710071621332,0.015460530964521997
0.06633847543023455,-0.006964941853154596,0.0569381050895853,0.016365312193803872
0.06925033686858212,-0.006567637156268677,0.05829614548703171,0.017521828537819067
0.06598732700866089,-0.0072294094258109455,0.05647441494936221,0.01674232148510964
0.06613797648094011,-0.007770459416216557,0.056819010605528825,0.017089425291627814
0.06517440231352982,-0.008602116748953142,0.05699810400522377,0.016778415057259192
0.06597036146833823,-0.008106857801760951,0.05641980418888384,0.017657415081215336
0.06609264246119813,-0.006342861727627575,0.054377013967165315,0.018058490221660384
0.06265800939572991,-0.006375208905448337,0.05187251067675571,0.017160707624422542
0.06442110645974417,-0.005852387514923309,0.052544367915927294,0.017729126058740177
0.06088313216139024,-0.006888446020777645,0.05177370358216239,0.015997874600005506
0.06193498888317382,-0.007838140646498605,0.05244853374562182,0.017324595784050597
0.06584124153930124,-0.006617618215266678,0.053562062362256,0.018896797392311895
0.05955216102752997,-0.007822712276724136,0.05078782414649453,0.016587049157759583
0.061240365678843674,-0.007939801821741022,0.052113000102714864,0.017067167397869825
0.0624429035317457,-0.00827779841192744,0.05328395224064586,0.01743674970302727
0.06192778371499637,-0.008745907909268009,0.05313008188076904,0.017543609743495333
0.06669059780928023,-0.006998608761674423,0.054569592029753304,0.019119614541201348
0.06074309999138656,-0.008257488560655547,0.051434546211191756,0.017566042340850338
0.06115480195639951,-0.007592464303196272,0.050217079507039686,0.01853018675255611
0.0573611488294021,-0.007526866198037271,0.047106953772695984,0.017781061254743366
0.05839669027459152,-0.0074178735030333755,0.047195560554273895,0.018619003223351006
0.0636791192125063,-0.006174905155393631,0.049811309976453964,0.020042714391445976
0.06109450937022606,-0.006788525431588979,0.04933276745304724,0.018550267348767815
0.05872751624087299,-0.007362445113027343,0.04847111300121335,0.017618848352687
0.05665053682855031,-0.007427819462808426,0.04714530614270356,0.016933050148655183
0.059486027443918926,-0.0066244665885275104,0.04790672420831295,0.018203769824133482
0.06347618007916067,-0.005275275561221896,0.04955184810055341,0.01919960753982915
0.05950019680116657,-0.007161130108061716,0.048626924633973445,0.01803440227525485
0.060086452840415916,-0.007234204281958399,0.04845441007562205,0.018866247046752254
0.054456538329652915,-0.008131546043342819,0.045458297812835335,0.01712978656016039
0.058544064451545655,-0.007496731733388472,0.04672632851946916,0.019314467665464966
0.06388538527146392,-0.006151836501931242,0.04871523631043485,0.021321985462960314
0.057270038073999316,-0.007823538072344847,0.045550340888216946,0.019543235258127224
0.05695088319820546,-0.008124882180446116,0.04507949527929476,0.019996270099356835
0.05443698002357722,-0.008755905408062524,0.04420411294591126,0.01898877248572847
0.057991173910705074,-0.008012418469975843,0.046082282912099065,0.01992130946858184
0.06247960746455934,-0.005996920072852062,0.046981949920956334,0.021494577616455065
0.05808472834360213,-0.00756356138885041,0.04584486754829367,0.019803422184158863
0.059974020894330474,-0.007807210224659096,0.047487149004627305,0.02029408211436225
0.054106079558000085,-0.009204936388029085,0.04508732972593132,0.018223686220097852
0.05648776103822056,-0.009021504790930246,0.04574351079677082,0.019765755032379977
0.06052155022773602,-0.007438635668579925,0.04656018286362746,0.021400003032688457
0.05713564955826192,-0.007709399974264643,0.044512913298128606,0.020332136234397957
